

                            1   2  3  5  4  6  7  8
                            0   1  2  3  4  5  6  7
    
Pass 1   1 < 2 Yes          1   2  3  5  4  6  7  8
        [0] [1]

Pass 2   2 < 3 Yes          1   2  3  5  4  6  7  8
        [1] [2]

Pass 3   3 < 5 No SWAP      1   2  3  4  5  6  7  8
        [2] [3]

Pass 4  4 < 5 Yes           1   2  3  4  5  6  7  8
       [3] [4]

Pass 5  5 < 6 Yes           1   2  3  4  5  6  7  8
       [4] [5]

Pass 6  6 < 7 Yes           1   2  3  4  5  6  7  8
       [5] [6]

Pass 7  7 < 8 Yes           1   2  3  4  5  6  7  8
       [6] [7]